27 0 0 255 255 0 0 0 255
1 0 0 255 255 0 0 188 255
1 0 0 255 255 0 0 207 255
1 0 0 255 255 0 0 210 255
1 0 0 255 255 0 0 225 255
13 0 0 255 255 0 0 228 255
2 0 0 255 255 0 0 229 255
1 0 0 255 255 0 0 230 255
2 0 0 255 255 0 0 234 255
1 0 0 255 255 0 0 238 255
1 0 0 255 255 0 0 242 255
1 0 0 255 255 0 0 245 255
2 0 0 255 255 0 0 246 255
1 0 0 255 255 0 0 250 255
3 0 0 255 255 0 0 251 255
18 0 0 255 255 0 0 252 255
4 0 0 255 255 0 0 253 255
6 0 0 255 255 0 0 254 255
2949 0 0 255 255 0 0 255 255
3 0 0 255 255 60 60 60 255
1 0 0 255 255 61 61 61 255
1 0 0 255 255 64 64 189 255
1 0 0 255 255 64 64 192 255
1 0 0 255 255 64 64 208 255
2 0 0 255 255 65 65 65 255
1 0 0 255 255 65 65 242 255
1 0 0 255 255 65 65 245 255
1 0 0 255 255 65 65 251 255
1 0 0 255 255 67 67 242 255
1 0 0 255 255 70 70 181 255
1 0 0 255 255 233 233 239 255
2 0 0 255 255 233 233 241 255
1 0 0 255 255 234 234 240 255
1 0 0 255 255 234 234 242 255
1 0 0 255 255 243 243 246 255
1 0 0 255 255 244 244 250 255
1 0 0 255 255 245 245 253 255
15 0 0 255 255 255 255 255 255
23 255 0 0 255 0 0 0 255
1 255 0 0 255 1 1 1 255
1 255 0 0 255 7 7 7 255
1 255 0 0 255 16 16 16 255
2 255 0 0 255 31 31 31 255
1 255 0 0 255 32 32 32 255
1 255 0 0 255 50 50 50 255
6 255 0 0 255 60 60 60 255
1 255 0 0 255 64 64 64 255
1 255 0 0 255 77 77 77 255
1 255 0 0 255 99 98 98 255
1 255 0 0 255 122 120 120 255
1 255 0 0 255 146 142 142 255
1 255 0 0 255 160 0 0 255
1 255 0 0 255 166 0 0 255
1 255 0 0 255 171 0 0 255
1 255 0 0 255 171 165 165 255
1 255 0 0 255 177 5 5 255
1 255 0 0 255 178 5 5 255
1 255 0 0 255 192 0 0 255
1 255 0 0 255 194 186 186 255
1 255 0 0 255 195 193 193 255
1 255 0 0 255 199 14 14 255
1 255 0 0 255 199 26 26 255
1 255 0 0 255 201 99 99 255
1 255 0 0 255 203 98 98 255
1 255 0 0 255 205 115 115 255
2 255 0 0 255 206 0 0 255
1 255 0 0 255 212 137 137 255
1 255 0 0 255 219 65 65 255
1 255 0 0 255 220 0 0 255
1 255 0 0 255 222 0 0 255
1 255 0 0 255 222 214 214 255
1 255 0 0 255 225 0 0 255
1 255 0 0 255 226 203 203 255
2 255 0 0 255 229 0 0 255
1 255 0 0 255 231 6 6 255
1 255 0 0 255 231 159 159 255
1 255 0 0 255 231 181 181 255
3 255 0 0 255 232 0 0 255
1 255 0 0 255 234 0 0 255
1 255 0 0 255 236 225 225 255
1 255 0 0 255 236 229 229 255
1 255 0 0 255 237 7 7 255
1 255 0 0 255 237 44 44 255
1 255 0 0 255 238 0 0 255
1 255 0 0 255 240 0 0 255
4 255 0 0 255 241 0 0 255
7 255 0 0 255 241 233 233 255
8 255 0 0 255 242 67 67 255
1 255 0 0 255 242 235 235 255
1 255 0 0 255 242 236 236 255
1 255 0 0 255 244 65 65 255
3 255 0 0 255 245 240 240 255
2 255 0 0 255 246 0 0 255
1 255 0 0 255 246 240 240 255
1 255 0 0 255 248 0 0 255
1 255 0 0 255 250 0 0 255
12 255 0 0 255 251 0 0 255
4 255 0 0 255 252 0 0 255
1 255 0 0 255 252 245 245 255
4 255 0 0 255 253 0 0 255
15 255 0 0 255 254 0 0 255
73579 255 0 0 255 255 0 0 255
4 255 0 0 255 255 255 255 255
