27 85 0 170 192 0 0 0 255
3 85 0 170 192 60 60 60 255
1 85 0 170 192 61 61 61 255
2466 85 0 170 192 64 0 128 255
29 85 0 170 192 65 0 128 255
16 85 0 170 192 65 1 129 255
2 85 0 170 192 65 65 65 255
33 85 0 170 192 66 1 129 255
15 85 0 170 192 67 1 129 255
33 85 0 170 192 68 1 129 255
32 85 0 170 192 70 1 129 255
16 85 0 170 192 71 1 129 255
17 85 0 170 192 73 1 129 255
31 85 0 170 192 74 2 130 255
20 85 0 170 192 77 2 130 255
12 85 0 170 192 77 3 131 255
16 85 0 170 192 78 3 131 255
19 85 0 170 192 83 2 130 255
29 85 0 170 192 83 3 131 255
13 85 0 170 192 86 2 116 255
2 85 0 170 192 86 2 117 255
1 85 0 170 192 88 1 95 255
1 85 0 170 192 88 2 107 255
2 85 0 170 192 88 2 119 255
15 85 0 170 192 89 2 128 255
2 85 0 170 192 89 2 129 255
2 85 0 170 192 90 2 129 255
29 85 0 170 192 90 2 130 255
1 85 0 170 192 91 3 118 255
1 85 0 170 192 93 1 105 255
2 85 0 170 192 93 2 125 255
2 85 0 170 192 95 2 129 255
27 85 0 170 192 96 2 130 255
1 85 0 170 192 99 3 128 255
17 85 0 170 192 101 2 130 255
10 85 0 170 192 101 3 131 255
1 85 0 170 192 102 2 123 255
1 85 0 170 192 105 1 114 255
1 85 0 170 192 105 1 120 255
1 85 0 170 192 105 2 128 255
1 85 0 170 192 106 2 128 255
11 85 0 170 192 106 2 130 255
16 85 0 170 192 107 2 130 255
1 85 0 170 192 111 1 127 255
1 85 0 170 192 112 1 127 255
1 85 0 170 192 113 0 123 255
1 85 0 170 192 113 1 128 255
10 85 0 170 192 113 1 129 255
1 85 0 170 192 114 1 128 255
17 85 0 170 192 114 1 129 255
1 85 0 170 192 117 0 126 255
1 85 0 170 192 117 1 127 255
1 85 0 170 192 117 65 129 255
1 85 0 170 192 118 0 127 255
22 85 0 170 192 118 0 128 255
1 85 0 170 192 119 1 128 255
6 85 0 170 192 119 1 129 255
1 85 0 170 192 119 64 127 255
1 85 0 170 192 121 65 137 255
1 85 0 170 192 121 70 126 255
1 85 0 170 192 139 66 160 255
1 85 0 170 192 141 66 157 255
1 85 0 170 192 143 66 155 255
1 85 0 170 192 148 67 155 255
1 85 0 170 192 236 233 236 255
1 85 0 170 192 236 234 237 255
2 85 0 170 192 237 233 237 255
1 85 0 170 192 237 234 238 255
1 85 0 170 192 244 243 245 255
1 85 0 170 192 246 244 247 255
1 85 0 170 192 248 245 249 255
15 85 0 170 192 255 255 255 255
23 255 0 0 128 0 0 0 255
1 255 0 0 128 1 1 1 255
1 255 0 0 128 7 7 7 255
1 255 0 0 128 16 16 16 255
2 255 0 0 128 31 31 31 255
1 255 0 0 128 32 32 32 255
1 255 0 0 128 50 50 50 255
6 255 0 0 128 60 60 60 255
1 255 0 0 128 64 64 64 255
1 255 0 0 128 77 77 77 255
1 255 0 0 128 99 98 98 255
1 255 0 0 128 122 120 120 255
45074 255 0 0 128 128 0 0 255
9 255 0 0 128 129 0 0 255
2583 255 0 0 128 129 1 1 255
88 255 0 0 128 130 1 1 255
1396 255 0 0 128 130 2 2 255
2 255 0 0 128 131 0 0 255
76 255 0 0 128 131 1 1 255
12 255 0 0 128 131 2 2 255
301 255 0 0 128 131 3 3 255
1 255 0 0 128 132 0 0 255
3 255 0 0 128 132 1 1 255
164 255 0 0 128 132 2 2 255
5 255 0 0 128 132 3 3 255
4 255 0 0 128 132 4 4 255
2 255 0 0 128 133 1 1 255
5 255 0 0 128 133 2 2 255
6 255 0 0 128 133 3 3 255
1 255 0 0 128 133 4 4 255
1 255 0 0 128 134 1 1 255
4 255 0 0 128 134 2 2 255
2 255 0 0 128 134 4 4 255
75 255 0 0 128 135 2 2 255
1 255 0 0 128 135 3 3 255
1 255 0 0 128 135 5 5 255
88 255 0 0 128 136 2 2 255
84 255 0 0 128 136 3 3 255
1 255 0 0 128 137 2 2 255
3 255 0 0 128 137 3 3 255
4 255 0 0 128 137 4 4 255
2 255 0 0 128 138 3 3 255
2 255 0 0 128 138 5 5 255
4 255 0 0 128 139 3 3 255
2 255 0 0 128 139 4 4 255
3 255 0 0 128 140 2 2 255
1 255 0 0 128 140 3 3 255
2 255 0 0 128 140 4 4 255
62 255 0 0 128 141 2 2 255
88 255 0 0 128 141 3 3 255
3 255 0 0 128 141 4 4 255
82 255 0 0 128 142 3 3 255
4 255 0 0 128 142 4 4 255
1 255 0 0 128 142 5 5 255
3 255 0 0 128 143 4 4 255
5 255 0 0 128 143 5 5 255
2 255 0 0 128 144 4 4 255
3 255 0 0 128 145 4 4 255
2 255 0 0 128 145 5 5 255
1 255 0 0 128 146 5 5 255
1 255 0 0 128 146 142 142 255
92 255 0 0 128 147 3 3 255
6 255 0 0 128 147 4 4 255
2 255 0 0 128 147 5 5 255
133 255 0 0 128 148 4 4 255
6 255 0 0 128 148 5 5 255
2 255 0 0 128 148 6 6 255
1 255 0 0 128 149 5 5 255
4 255 0 0 128 149 6 6 255
3 255 0 0 128 150 5 5 255
1 255 0 0 128 151 5 5 255
4 255 0 0 128 152 6 6 255
1 255 0 0 128 153 5 5 255
1 255 0 0 128 153 7 7 255
3 255 0 0 128 154 6 6 255
58 255 0 0 128 155 5 5 255
96 255 0 0 128 155 6 6 255
3 255 0 0 128 155 7 7 255
78 255 0 0 128 156 6 6 255
2 255 0 0 128 156 7 7 255
3 255 0 0 128 156 8 8 255
1 255 0 0 128 158 5 5 255
2 255 0 0 128 159 5 5 255
1 255 0 0 128 159 6 6 255
1 255 0 0 128 160 0 0 255
2 255 0 0 128 160 6 6 255
1 255 0 0 128 161 5 5 255
1 255 0 0 128 161 6 6 255
2 255 0 0 128 162 6 6 255
1 255 0 0 128 163 6 6 255
1 255 0 0 128 164 5 5 255
1 255 0 0 128 164 6 6 255
1 255 0 0 128 164 7 7 255
2 255 0 0 128 165 5 5 255
6 255 0 0 128 165 6 6 255
2 255 0 0 128 165 7 7 255
1 255 0 0 128 165 8 8 255
1 255 0 0 128 166 0 0 255
91 255 0 0 128 166 5 5 255
50 255 0 0 128 166 6 6 255
7 255 0 0 128 166 7 7 255
1 255 0 0 128 166 8 8 255
81 255 0 0 128 167 6 6 255
1 255 0 0 128 170 4 4 255
1 255 0 0 128 171 0 0 255
1 255 0 0 128 171 5 5 255
1 255 0 0 128 171 165 165 255
1 255 0 0 128 172 5 5 255
1 255 0 0 128 172 6 6 255
1 255 0 0 128 172 7 7 255
3 255 0 0 128 175 5 5 255
2 255 0 0 128 176 5 5 255
1 255 0 0 128 176 6 6 255
2 255 0 0 128 177 5 5 255
1 255 0 0 128 177 6 6 255
1 255 0 0 128 178 6 6 255
1 255 0 0 128 178 7 7 255
1 255 0 0 128 178 8 8 255
1 255 0 0 128 179 4 4 255
4 255 0 0 128 179 5 5 255
1 255 0 0 128 179 7 7 255
1 255 0 0 128 179 8 8 255
89 255 0 0 128 180 4 4 255
6 255 0 0 128 180 5 5 255
1 255 0 0 128 180 6 6 255
69 255 0 0 128 181 4 4 255
68 255 0 0 128 181 5 5 255
1 255 0 0 128 184 4 4 255
1 255 0 0 128 185 5 5 255
1 255 0 0 128 185 7 7 255
2 255 0 0 128 186 5 5 255
2 255 0 0 128 186 7 7 255
3 255 0 0 128 188 5 5 255
1 255 0 0 128 188 6 6 255
2 255 0 0 128 189 6 6 255
2 255 0 0 128 190 4 4 255
1 255 0 0 128 190 15 15 255
2 255 0 0 128 191 4 4 255
2 255 0 0 128 191 5 5 255
1 255 0 0 128 191 6 6 255
1 255 0 0 128 192 0 0 255
83 255 0 0 128 192 4 4 255
4 255 0 0 128 192 5 5 255
1 255 0 0 128 192 7 7 255
62 255 0 0 128 193 4 4 255
81 255 0 0 128 193 5 5 255
1 255 0 0 128 194 6 6 255
1 255 0 0 128 194 7 7 255
1 255 0 0 128 194 27 27 255
1 255 0 0 128 194 186 186 255
1 255 0 0 128 195 6 6 255
1 255 0 0 128 195 7 7 255
1 255 0 0 128 195 193 193 255
1 255 0 0 128 197 6 6 255
2 255 0 0 128 197 7 7 255
1 255 0 0 128 198 6 6 255
2 255 0 0 128 198 7 7 255
1 255 0 0 128 199 6 6 255
1 255 0 0 128 199 99 99 255
2 255 0 0 128 200 5 5 255
1 255 0 0 128 200 6 6 255
1 255 0 0 128 200 7 7 255
1 255 0 0 128 200 115 115 255
4 255 0 0 128 201 5 5 255
4 255 0 0 128 201 6 6 255
147 255 0 0 128 202 5 5 255
2 255 0 0 128 202 6 6 255
1 255 0 0 128 202 7 7 255
1 255 0 0 128 203 0 0 255
75 255 0 0 128 203 6 6 255
1 255 0 0 128 203 98 98 255
2 255 0 0 128 205 6 6 255
1 255 0 0 128 206 0 0 255
1 255 0 0 128 206 5 5 255
2 255 0 0 128 207 6 6 255
2 255 0 0 128 208 6 6 255
1 255 0 0 128 209 5 5 255
2 255 0 0 128 209 6 6 255
1 255 0 0 128 210 6 6 255
1 255 0 0 128 210 137 137 255
1 255 0 0 128 211 1 1 255
1 255 0 0 128 211 5 5 255
4 255 0 0 128 212 5 5 255
2 255 0 0 128 212 6 6 255
79 255 0 0 128 213 4 4 255
1 255 0 0 128 213 5 5 255
1 255 0 0 128 213 6 6 255
1 255 0 0 128 214 1 1 255
1 255 0 0 128 214 4 4 255
147 255 0 0 128 214 5 5 255
1 255 0 0 128 218 3 3 255
1 255 0 0 128 218 4 4 255
1 255 0 0 128 219 65 65 255
3 255 0 0 128 220 4 4 255
1 255 0 0 128 221 5 5 255
2 255 0 0 128 222 3 3 255
2 255 0 0 128 222 4 4 255
1 255 0 0 128 222 214 214 255
1 255 0 0 128 223 4 4 255
1 255 0 0 128 225 0 0 255
4 255 0 0 128 225 3 3 255
1 255 0 0 128 225 4 4 255
1 255 0 0 128 226 1 1 255
3 255 0 0 128 226 2 2 255
1 255 0 0 128 226 3 3 255
1 255 0 0 128 226 4 4 255
1 255 0 0 128 226 203 203 255
86 255 0 0 128 227 2 2 255
4 255 0 0 128 227 3 3 255
1 255 0 0 128 227 4 4 255
137 255 0 0 128 228 3 3 255
2 255 0 0 128 229 0 0 255
2 255 0 0 128 229 3 3 255
1 255 0 0 128 230 0 0 255
1 255 0 0 128 231 0 0 255
3 255 0 0 128 231 3 3 255
1 255 0 0 128 231 6 6 255
1 255 0 0 128 231 159 159 255
1 255 0 0 128 231 181 181 255
1 255 0 0 128 232 0 0 255
2 255 0 0 128 232 2 2 255
1 255 0 0 128 233 1 1 255
2 255 0 0 128 233 3 3 255
1 255 0 0 128 233 68 68 255
1 255 0 0 128 234 0 0 255
1 255 0 0 128 234 1 1 255
4 255 0 0 128 234 2 2 255
1 255 0 0 128 234 3 3 255
3 255 0 0 128 235 1 1 255
2 255 0 0 128 235 2 2 255
1 255 0 0 128 235 3 3 255
1 255 0 0 128 235 225 225 255
3 255 0 0 128 236 1 1 255
1 255 0 0 128 236 3 3 255
1 255 0 0 128 236 229 229 255
1 255 0 0 128 237 0 0 255
152 255 0 0 128 237 1 1 255
9 255 0 0 128 237 2 2 255
1 255 0 0 128 237 7 7 255
1 255 0 0 128 237 44 44 255
1 255 0 0 128 237 68 68 255
66 255 0 0 128 238 2 2 255
2 255 0 0 128 239 1 1 255
5 255 0 0 128 239 2 2 255
1 255 0 0 128 239 67 67 255
1 255 0 0 128 240 1 1 255
4 255 0 0 128 240 2 2 255
3 255 0 0 128 241 0 0 255
6 255 0 0 128 241 1 1 255
3 255 0 0 128 241 2 2 255
1 255 0 0 128 241 68 68 255
7 255 0 0 128 241 233 233 255
173 255 0 0 128 242 1 1 255
3 255 0 0 128 242 2 2 255
4 255 0 0 128 242 67 67 255
1 255 0 0 128 242 235 235 255
1 255 0 0 128 242 236 236 255
1 255 0 0 128 243 0 0 255
3 255 0 0 128 243 1 1 255
77 255 0 0 128 243 2 2 255
4 255 0 0 128 244 0 0 255
7 255 0 0 128 244 1 1 255
3 255 0 0 128 244 2 2 255
1 255 0 0 128 244 65 65 255
3 255 0 0 128 245 0 0 255
7 255 0 0 128 245 1 1 255
1 255 0 0 128 245 2 2 255
3 255 0 0 128 245 240 240 255
190 255 0 0 128 246 0 0 255
13 255 0 0 128 246 1 1 255
2 255 0 0 128 246 2 2 255
1 255 0 0 128 246 240 240 255
272 255 0 0 128 247 0 0 255
181 255 0 0 128 247 1 1 255
1 255 0 0 128 247 2 2 255
6 255 0 0 128 248 0 0 255
154 255 0 0 128 248 1 1 255
1 255 0 0 128 248 2 2 255
2 255 0 0 128 249 0 0 255
5 255 0 0 128 249 1 1 255
190 255 0 0 128 250 0 0 255
11 255 0 0 128 250 1 1 255
265 255 0 0 128 251 0 0 255
91 255 0 0 128 251 1 1 255
472 255 0 0 128 252 0 0 255
89 255 0 0 128 252 1 1 255
1 255 0 0 128 252 245 245 255
428 255 0 0 128 253 0 0 255
445 255 0 0 128 254 0 0 255
90 255 0 0 128 254 1 1 255
17883 255 0 0 128 255 0 0 255
4 255 0 0 128 255 255 255 255
